ID uniform-n20-s0 20 1.0 0.5
X 0.5 0.6369616873214543 0.04097352393619469 0.8132702392002724 0.6066357757671799 0.5436249914654229 0.8158535541215322 0.8574042765875693 0.7296554464299441 0.8631789223498866 0.2997118905373848 0.028319671145462966 0.6706244146936303 0.6153851114812539 0.997209935789211 0.6855419844806947 0.6884467305709401 0.13509650502241122 0.5253543224757259 0.4858353588317891 0.9340435159562497
Y 0.5 0.2697867137638703 0.016527635528529094 0.9127555772777217 0.7294965609839984 0.9350724237877682 0.002738500170148095 0.033585575305464355 0.17565562060255901 0.5414612202490917 0.42268722119765845 0.12428327649956394 0.6471895115742501 0.38367755426188344 0.9808353387762301 0.6504592762678163 0.3889214239791038 0.7214883401940817 0.31024187555895566 0.8894878343490003 0.35779519670907023
ID uniform-n20-s1 20 1.0 0.5
X 0.5 0.5118216247002567 0.14415961271963373 0.31183145201048545 0.8277025938204418 0.5495936876730595 0.7535131086748066 0.32973171649909216 0.303194829291645 0.13404169724716475 0.20345524067614962 0.7503646726300526 0.48519097443163506 0.9616571936637868 0.5412268555474342 0.16065200877512686 0.5160685855478787 0.6234897555375004 0.6130033010530405 0.03959287666420286 0.4593358828854037
Y 0.5 0.9504636963259353 0.9486494471372439 0.42332644897257565 0.4091991363691613 0.027559113243068367 0.5381433132192782 0.7884287034284043 0.4534978894806515 0.40311298644712923 0.2623133404418495 0.2804087579860399 0.9807371998012386 0.7247899407735336 0.2768912040453708 0.9699254132161326 0.11586561247077032 0.776683114342298 0.9172977047909027 0.5285892632600216 0.0623495791498756
ID uniform-n20-s2 20 1.0 0.5
X 0.5 0.2616121342493164 0.8142257405942803 0.600100525965654 0.18790107336660344 0.2749693679060381 0.562265662780428 0.43263079080478717 0.4227846732701278 0.9674359524936766 0.39162483308002616 0.3459606655717331 0.8912094095005791 0.31814660061537436 0.4709098854157575 0.10720730845358806 0.20190744752945033 0.6798114614845836 0.6444362692055176 0.5165781941249967 0.8621179849076281
Y 0.5 0.2984911434141233 0.0919159421350969 0.7285605268117946 0.05514662733306819 0.6574330148755926 0.15006226330533612 0.6692972985745202 0.6331843992741164 0.6830648223096253 0.18725256972009807 0.5110659735695771 0.7755639424726894 0.9242168965068241 0.69375884220223 0.1045435584329415 0.8844496736882935 0.8492363236144346 0.40654239767553646 0.5934435177559062 0.438186166159125
ID uniform-n20-s3 20 1.0 0.5
X 0.5 0.08564916714362436 0.8012744652063969 0.09412864224039919 0.479051298140834 0.7345771514092145 0.39122819049566204 0.4306280204141778 0.7378377872921602 0.28420116374879145 0.6962159966701554 0.0014900835088361708 0.29840122301687566 0.8917110704451572 0.47130966518183137 0.030346007662471197 0.3742438334784708 0.6605000674278948 0.20719116808100124 0.29816309065742475 0.7221648081421175
Y 0.5 0.2368105065960997 0.5821620360643678 0.4331269402364738 0.15973891463707857 0.11367201992140341 0.5167401826213637 0.5867985714381407 0.9562672548360985 0.648547207079825 0.2927207490124871 0.9734602747664127 0.3139860020343368 0.5851629398909081 0.7732770096488164 0.7069650956556235 0.09085271350425783 0.9314638547413545 0.630090199785343 0.7417566800693304 0.21871542456880455
ID uniform-n20-s4 20 1.0 0.5
X 0.5 0.9430561055723676 0.9762437057077041 0.6073558319950296 0.8019012069858072 0.8716352741876564 0.9022150797159884 0.4304962777294131 0.9841529999311214 0.9689328693162349 0.1776925857619811 0.7048647455647425 0.6656574169657534 0.49786759878537445 0.5002261893487459 0.3499373998222548 0.5220870022114477 0.9391070534240088 0.2678333902915885 0.49172528461247655 0.4760389104754019
Y 0.5 0.5113275528143616 0.08083602389560218 0.37648658437727256 0.17452781614402846 0.5439414007634982 0.4771535238392063 0.7889467175443294 0.3697257926524288 0.9290263877654195 0.6088516168445476 0.9428036791291672 0.13339575545169313 0.49361983395611486 0.9585822861092472 0.22377114677821597 0.6411709239650282 0.5820158006470458 0.9297746953080669 0.6758008649335259 0.2169800264219951
ID uniform-n20-s5 20 1.0 0.5
X 0.5 0.8050029237453802 0.515325561042142 0.053930702381656426 0.40847320541999865 0.04875771072716806 0.6523691115879877 0.43494755222514203 0.8976776081085488 0.39240466433477816 0.676689351831066 0.5555961169207234 0.8796511733349222 0.679181533021365 0.2273185251609081 0.872195468024335 0.7074955673371773 0.5033639655536645 0.2032528361145648 0.8062153310270436 0.1490385835335558
Y 0.5 0.8079407897364937 0.2858013800881416 0.38336888078551823 0.045275193902445166 0.9991761150650714 0.23451020166982395 0.9741861932592554 0.844231037608741 0.4930230187317426 0.06080271295805606 0.27145160453010153 0.06421443731219101 0.8700885023275033 0.895448239414126 0.01851721767021075 0.0011996835868286482 0.4366670521756527 0.32494264457560607 0.31645208740449016 0.6985119903183108
ID uniform-n20-s6 20 1.0 0.5
X 0.5 0.5381643514719432 0.36906723979537825 0.9874449901864666 0.6743239305044936 0.6799176611640223 0.051729231983775215 0.008895805535434675 0.8270030258190536 0.0480834870025465 0.8498656310952118 0.6274679337030739 0.18633631867782952 0.7594665768223351 0.10688007856904247 0.13965890957414906 0.5868494734444639 0.4180541658838901 0.45413570158612715 0.9704891521408106 0.8947901878877844
Y 0.5 0.34327086981333843 0.37449676558788236 0.6327562726071461 0.32996345538545835 0.12297237488719004 0.850191346808787 0.9787675621852967 0.7852109593263714 0.20743926620697473 0.4324948116550308 0.12228239881096381 0.49726791274147364 0.5398572043444361 0.866186078514876 0.43965775751228964 0.3191495023964087 0.8869644908266218 0.5392471125052046 0.2759831364335955 0.36185552142876476
ID uniform-n20-s7 20 1.0 0.5
X 0.5 0.625095466604667 0.7756856902451935 0.30016628491122543 0.005265304565574724 0.7970694287520462 0.3030324268193135 0.2548695876541246 0.5045482589579533 0.9955002834343927 0.6221792294411627 0.21530869823559895 0.6125396042730308 0.03568027877359614 0.4662060253252891 0.6292262544910104 0.49687343539350426 0.01179402554250586 0.6920321208818392 0.3695363106022067 0.8300477298017456
Y 0.5 0.8972138009695755 0.22520718999059186 0.8735534453962619 0.8212284183827663 0.4679349528437208 0.2784256121007733 0.4450763058826466 0.5534973520744925 0.7926619192137531 0.9889601476818849 0.16021203385784455 0.04394200796138337 0.5148888202713703 0.9171677731928523 0.5141176465995139 0.24751492202733083 0.19240214398531064 0.2006067239869952 0.0037342420520759534 0.15446108106143985
ID uniform-n20-s8 20 1.0 0.5
X 0.5 0.3269722766055607 0.31871083848551673 0.8698965116962161 0.4378818731227988 0.10695359647277436 0.24135214508468228 0.1847315568344149 0.813827670155021 0.25592050515822606 0.6042722960584558 0.9113563804485241 0.3713871284423962 0.016782052324450736 0.3946685812986028 0.616727944407001 0.6073306675714749 0.13398713179937904 0.09610843352814702 0.46017930748995783 0.8670248693354128
Y 0.5 0.9872768433379255 0.7885489358200289 0.391084806539194 0.37274890308935305 0.47896545416271696 0.25714524855112975 0.1938645489043107 0.42298418814422634 0.5909028517654116 0.6468580270601879 0.15020611196196842 0.28462063751081257 0.1815539373627295 0.39331071008632423 0.45226652882714635 0.2230599854133728 0.32928937671175385 0.365839914667796 0.7189886438895141 0.0518356525166741
ID uniform-n20-s9 20 1.0 0.5
X 0.5 0.8702492039700847 0.6031481500515619 0.7160746296035653 0.8603936491828846 0.026587734467597213 0.48494432697728806 0.005626050679392924 0.9833022442861755 0.31560348997827314 0.2991810731982467 0.279747219748287 0.9877407468945767 0.8828625669966758 0.7082069141031725 0.9232382080702205 0.37013154514000746 0.4777298969186856 0.19508639347904655 0.12651840723991825 0.13277453722943044
Y 0.5 0.28681720908755537 0.7775340829201788 0.9153801204905075 0.9182376290487624 0.4372480001295087 0.06515419737010752 0.830621436971257 0.7846098526726796 0.7053337045894538 0.7407484828757487 0.7825909153281315 0.9862385492802385 0.9128100517839179 0.5544968772635087 0.08973077985431255 0.6059389435092629 0.7928578804972283 0.06225349741666342 0.9627815849171627 0.22609832736317137
ID uniform-n50-s0 50 1.0 0.5
X 0.5 0.6369616873214543 0.04097352393619469 0.8132702392002724 0.6066357757671799 0.5436249914654229 0.8158535541215322 0.8574042765875693 0.7296554464299441 0.8631789223498866 0.2997118905373848 0.028319671145462966 0.6706244146936303 0.6153851114812539 0.997209935789211 0.6855419844806947 0.6884467305709401 0.13509650502241122 0.5253543224757259 0.4858353588317891 0.9340435159562497 0.5715298307297609 0.5943000301996968 0.39161900052816123 0.22715759353337972 0.08401534358238483 0.7870983074886834 0.8764842308107038 0.3361170605456604 0.450339366649287 0.23064220899374743 0.4045518398215282 0.0907530456191219 0.2986961328189226 0.1995154439682133 0.36511016824482856 0.6291081515397092 0.440377154715784 0.499895813687647 0.6202134520153778 0.9489436749377653 0.7577288453082914 0.5293121601967704 0.4146558493556708 0.7111428779897498 0.1149326332809052 0.9274239286245599 0.014706304965369288 0.9811950400663443 0.1487640122324979 0.8899355557205206
Y 0.5 0.2697867137638703 0.016527635528529094 0.9127555772777217 0.7294965609839984 0.9350724237877682 0.002738500170148095 0.033585575305464355 0.17565562060255901 0.5414612202490917 0.42268722119765845 0.12428327649956394 0.6471895115742501 0.38367755426188344 0.9808353387762301 0.6504592762678163 0.3889214239791038 0.7214883401940817 0.31024187555895566 0.8894878343490003 0.35779519670907023 0.32186939107594215 0.33791122550713326 0.8902743520047923 0.6231871446860424 0.8326441476533978 0.23936944299295215 0.05856803480519435 0.15027946689483906 0.7963242702872942 0.05202130106440961 0.19851304450925533 0.5803323859868507 0.6719948779563594 0.9421131105064978 0.10549527957022953 0.9271545530678674 0.9545904936907372 0.42522862484907553 0.9950965052353241 0.4600451393090961 0.49742269548761897 0.7857857007138075 0.7344835717887294 0.9320596866133782 0.7290151170763094 0.9679261899246464 0.8636400902455758 0.9572101796109636 0.972628813822955 0.8223738275430704
ID uniform-n50-s1 50 1.0 0.5
X 0.5 0.5118216247002567 0.14415961271963373 0.31183145201048545 0.8277025938204418 0.5495936876730595 0.7535131086748066 0.32973171649909216 0.303194829291645 0.13404169724716475 0.20345524067614962 0.7503646726300526 0.48519097443163506 0.9616571936637868 0.5412268555474342 0.16065200877512686 0.5160685855478787 0.6234897555375004 0.6130033010530405 0.03959287666420286 0.4593358828854037 0.641328169139375 0.592941018104284 0.8398815210314088 0.510888884466533 0.14792203578495655 0.6832869060032571 0.19161625902013524 0.19132392605720028 0.8552269742870702 0.8765370964165805 0.2740483886137183 0.6457208955749478 0.8355692165002742 0.2152181671629736 0.8050548331450097 0.15052483042117748 0.8947158621961735 0.5895020620840481 0.6734598871529389 0.8268253295567211 0.6603553805205233 0.7685169988962544 0.8312748346644612 0.8254878133935558 0.37514699649664185 0.6913370352777413 0.39625616221698645 0.2624947127501015 0.10592123670732445 0.38042426988653233
Y 0.5 0.9504636963259353 0.9486494471372439 0.42332644897257565 0.4091991363691613 0.027559113243068367 0.5381433132192782 0.7884287034284043 0.4534978894806515 0.40311298644712923 0.2623133404418495 0.2804087579860399 0.9807371998012386 0.7247899407735336 0.2768912040453708 0.9699254132161326 0.11586561247077032 0.776683114342298 0.9172977047909027 0.5285892632600216 0.0623495791498756 0.8526328384806567 0.2600974477372232 0.5094958815215094 0.7530302077021779 0.819626719119277 0.787096941554801 0.80236416113453 0.08155261736351271 0.8612834961776684 0.4719097193587902 0.007091828603166261 0.719909383508693 0.28187782736454214 0.6393313800665879 0.9636708728449709 0.48221238819933654 0.4227169069454373 0.0244906774933632 0.9190886196338225 0.8855202667099468 0.24555226724317758 0.2116747426075105 0.06271792257076825 0.1645072664741013 0.3167381665569643 0.17857187817437192 0.0058245951079809455 0.42118881422895527 0.6331599460365578 0.7252939380762389
ID uniform-n50-s2 50 1.0 0.5
X 0.5 0.2616121342493164 0.8142257405942803 0.600100525965654 0.18790107336660344 0.2749693679060381 0.562265662780428 0.43263079080478717 0.4227846732701278 0.9674359524936766 0.39162483308002616 0.3459606655717331 0.8912094095005791 0.31814660061537436 0.4709098854157575 0.10720730845358806 0.20190744752945033 0.6798114614845836 0.6444362692055176 0.5165781941249967 0.8621179849076281 0.8922401099666429 0.8293561258065815 0.6925181318299735 0.5228285039237639 0.10070360201847683 0.7019494763859895 0.8977341470931756 0.38509513448081656 0.5920620110783646 0.40719435847960694 0.17177701508183452 0.6038055172624386 0.0199107488374215 0.09941111793264079 0.4884985730839694 0.5040144824015966 0.7503965943632757 0.6172721367052832 0.9647618088753547 0.6890271371485683 0.04201178906868608 0.9271669354015911 0.012831093530388249 0.009805349046563827 0.11036759230906301 0.9818833431950986 0.318392999063676 0.38959528429882206 0.5234807880554642 0.14796288029021853
Y 0.5 0.2984911434141233 0.0919159421350969 0.7285605268117946 0.05514662733306819 0.6574330148755926 0.15006226330533612 0.6692972985745202 0.6331843992741164 0.6830648223096253 0.18725256972009807 0.5110659735695771 0.7755639424726894 0.9242168965068241 0.69375884220223 0.1045435584329415 0.8844496736882935 0.8492363236144346 0.40654239767553646 0.5934435177559062 0.438186166159125 0.6137169384025872 0.4980560549172479 0.33902537464931004 0.21622339101901444 0.038604129920968844 0.45643062088155606 0.8351832046922797 0.9736787697052229 0.7658833142152981 0.19616991196827194 0.1812062262309868 0.11263285511131826 0.8329969641884205 0.45058453555176214 0.6202724083835623 0.9373431437289681 0.5744664978829658 0.5065514916069802 0.2266260633591367 0.5550966788978652 0.2961499997837337 0.7845648574299998 0.2966263296627448 0.8274669429780779 0.057455178774819426 0.44586987941521383 0.04901338956309209 0.36603905726213826 0.006785466481482927 0.20988652574840627
ID uniform-n50-s3 50 1.0 0.5
X 0.5 0.08564916714362436 0.8012744652063969 0.09412864224039919 0.479051298140834 0.7345771514092145 0.39122819049566204 0.4306280204141778 0.7378377872921602 0.28420116374879145 0.6962159966701554 0.0014900835088361708 0.29840122301687566 0.8917110704451572 0.47130966518183137 0.030346007662471197 0.3742438334784708 0.6605000674278948 0.20719116808100124 0.29816309065742475 0.7221648081421175 0.8298868742743123 0.6827989078603502 0.42857290429846195 0.8784801846662539 0.8497683374661538 0.47968392351227496 0.6984263449470935 0.8711391497935891 0.5618097187308899 0.6129094919024392 0.18028754084309517 0.7522234183692774 0.9210796772829299 0.8509011245916515 0.9643577208942796 0.6068837880100147 0.787032713788771 0.054093757870965264 0.08489477216546804 0.2138669906921472 0.1267549797183054 0.4928469789243326 0.9652314208373755 0.21368721943054814 0.7059590429868869 0.6798841672240714 0.5897002867792083 0.6691274961459358 0.5547374324650892 0.49518739153540214
Y 0.5 0.2368105065960997 0.5821620360643678 0.4331269402364738 0.15973891463707857 0.11367201992140341 0.5167401826213637 0.5867985714381407 0.9562672548360985 0.648547207079825 0.2927207490124871 0.9734602747664127 0.3139860020343368 0.5851629398909081 0.7732770096488164 0.7069650956556235 0.09085271350425783 0.9314638547413545 0.630090199785343 0.7417566800693304 0.21871542456880455 0.6576522108732432 0.820075750170535 0.758705461154919 0.1023199219220744 0.39392733263233515 0.14633456975819847 0.291978615987851 0.2753743769480771 0.39965622113045274 0.19663923977212372 0.7468603856498379 0.5669778744529123 0.20577504822901882 0.16898731132708622 0.6236927281061517 0.9705587631326238 0.7899174760885543 0.3692863060944199 0.1935275814655144 0.8586419321659043 0.29675776838944945 0.8494604111895369 0.7081447706872417 0.5449826814580041 0.05188252772662516 0.3682818351390811 0.6695332811416651 0.5230497755258564 0.19814971361353295 0.12540947264525315
ID uniform-n50-s4 50 1.0 0.5
X 0.5 0.9430561055723676 0.9762437057077041 0.6073558319950296 0.8019012069858072 0.8716352741876564 0.9022150797159884 0.4304962777294131 0.9841529999311214 0.9689328693162349 0.1776925857619811 0.7048647455647425 0.6656574169657534 0.49786759878537445 0.5002261893487459 0.3499373998222548 0.5220870022114477 0.9391070534240088 0.2678333902915885 0.49172528461247655 0.4760389104754019 0.6925520447105606 0.19078850525853763 0.3618150599019092 0.2213516598557872 0.8842230516317813 0.7394732431350439 0.9150572012401724 0.8202678035179438 0.37612381317906773 0.9724396677112559 0.49969274053199664 0.9031955883507381 0.3073579197290356 0.10747158986928151 0.8764338171832751 0.23347626866165183 0.7877274984582051 0.23750481762383724 0.07141822207521653 0.5267254559660564 0.08816937300957906 0.3703358831447625 0.3354824997585163 0.5682609350720068 0.06337962067785763 0.07190456077139007 0.48100849377568133 0.6675890848926654 0.5003297120648612 0.9348783961041196
Y 0.5 0.5113275528143616 0.08083602389560218 0.37648658437727256 0.17452781614402846 0.5439414007634982 0.4771535238392063 0.7889467175443294 0.3697257926524288 0.9290263877654195 0.6088516168445476 0.9428036791291672 0.13339575545169313 0.49361983395611486 0.9585822861092472 0.22377114677821597 0.6411709239650282 0.5820158006470458 0.9297746953080669 0.6758008649335259 0.2169800264219951 0.7706304830917438 0.4599160127484816 0.17072981944627486 0.9625074113263784 0.3822918261947792 0.04196803718127051 0.5371708512141022 0.27593825756517354 0.3480437189118305 0.42945988292273374 0.9559789300187262 0.3950105102601349 0.8070479361350381 0.39218891369662 0.9176424148326532 0.07872015051065484 0.6217780653960236 0.5058931942110064 0.7000873205228134 0.7046478644400155 0.6448150233012536 0.49930856599360807 0.6340865263587694 0.6171147570912221 0.2251416010112336 0.38329784981379944 0.1123419427625385 0.4873567562930381 0.5974658410028173 0.5888649666583986
ID uniform-n50-s5 50 1.0 0.5
X 0.5 0.8050029237453802 0.515325561042142 0.053930702381656426 0.40847320541999865 0.04875771072716806 0.6523691115879877 0.43494755222514203 0.8976776081085488 0.39240466433477816 0.676689351831066 0.5555961169207234 0.8796511733349222 0.679181533021365 0.2273185251609081 0.872195468024335 0.7074955673371773 0.5033639655536645 0.2032528361145648 0.8062153310270436 0.1490385835335558 0.4485441007603762 0.23551645730617143 0.7998795260549534 0.506385001421571 0.01453628036381327 0.08582579108682997 0.36788073891151674 0.3994252615788064 0.5561597755338971 0.7414216700278128 0.6842052123845983 0.2218885591644547 0.10708949613728647 0.6353867998907108 0.7985233458061055 0.3904589137977216 0.3804753706433236 0.6125178041653119 0.9916767169901963 0.8088438090346699 0.7128902625665684 0.40122574799263144 0.4794877517608621 0.3172778402767157 0.0009197891108657652 0.6314361061322901 0.9236765847577346 0.9888610256190192 0.8232520180360315 0.40509865286115954
Y 0.5 0.8079407897364937 0.2858013800881416 0.38336888078551823 0.045275193902445166 0.9991761150650714 0.23451020166982395 0.9741861932592554 0.844231037608741 0.4930230187317426 0.06080271295805606 0.27145160453010153 0.06421443731219101 0.8700885023275033 0.895448239414126 0.01851721767021075 0.0011996835868286482 0.4366670521756527 0.32494264457560607 0.31645208740449016 0.6985119903183108 0.798939490963134 0.3197846543182863 0.5070681389233913 0.2361941283958635 0.9332239002254337 0.84492680147361 0.9510229811957994 0.9364420618420031 0.24013532830277584 0.6743897148867628 0.46382436008336725 0.640940141481311 0.6922222746448299 0.3765125255876922 0.19402547600704456 0.797933886097021 0.7132578641244521 0.9410009752426018 0.7236762546507963 0.15286502314567285 0.8476243802545339 0.5532500397935409 0.9585229997993715 0.40208452693776586 0.42018453469313044 0.9349610941866503 0.32734981332409785 0.1876749402345188 0.15725948708404458 0.07347331180727756
ID uniform-n50-s6 50 1.0 0.5
X 0.5 0.5381643514719432 0.36906723979537825 0.9874449901864666 0.6743239305044936 0.6799176611640223 0.051729231983775215 0.008895805535434675 0.8270030258190536 0.0480834870025465 0.8498656310952118 0.6274679337030739 0.18633631867782952 0.7594665768223351 0.10688007856904247 0.13965890957414906 0.5868494734444639 0.4180541658838901 0.45413570158612715 0.9704891521408106 0.8947901878877844 0.31204101740933243 0.06549674817043638 0.82776761842672 0.059757267429844885 0.7751536152099229 0.005313158627628822 0.7997696739661134 0.15066412940852458 0.8413605920364834 0.27427056831837293 0.418342830892918 0.8686842625607631 0.6540000792558182 0.21082864517388444 0.987538390936349 0.7674444127235306 0.8688657706353536 0.397569266122635 0.19858352003135138 0.31362452768481364 0.8275204226482884 0.8349731185984121 0.7243256772803937 0.8722422209823516 0.47591161024500894 0.1549332778365866 0.9870042725069108 0.9573361406998806 0.08474372520422124 0.8164061459176929
Y 0.5 0.34327086981333843 0.37449676558788236 0.6327562726071461 0.32996345538545835 0.12297237488719004 0.850191346808787 0.9787675621852967 0.7852109593263714 0.20743926620697473 0.4324948116550308 0.12228239881096381 0.49726791274147364 0.5398572043444361 0.866186078514876 0.43965775751228964 0.3191495023964087 0.8869644908266218 0.5392471125052046 0.2759831364335955 0.36185552142876476 0.881289194448939 0.8666551219109142 0.8947148411005522 0.2388055945544003 0.43685008782931634 0.6926196210294705 0.9736249402335466 0.2519549749279588 0.09180912362916327 0.45176270667600604 0.5427339293852906 0.631263353518896 0.592221568410907 0.4496591089532236 0.90923042622773 0.533681665063713 0.6308824662334276 0.5263196631058289 0.5728201413141326 0.7813993248141204 0.9937963090206281 0.059263360969220025 0.8081795029301824 0.49167216175602046 0.5308136136065099 0.9569553704532238 0.2629831049196656 0.20821810246915906 0.7322297512560869 0.19972853619479902
ID uniform-n50-s7 50 1.0 0.5
X 0.5 0.625095466604667 0.7756856902451935 0.30016628491122543 0.005265304565574724 0.7970694287520462 0.3030324268193135 0.2548695876541246 0.5045482589579533 0.9955002834343927 0.6221792294411627 0.21530869823559895 0.6125396042730308 0.03568027877359614 0.4662060253252891 0.6292262544910104 0.49687343539350426 0.01179402554250586 0.6920321208818392 0.3695363106022067 0.8300477298017456 0.26759930456378545 0.5097908098684232 0.6397171669425262 0.09149560506304566 0.50777223630035 0.3612640590141576 0.05925164234550362 0.32303634625820665 0.8163381038190757 0.9787478844112216 0.6050562538298513 0.6764502438127883 0.44031346718818754 0.40249829810398163 0.9678280510488214 0.6717651626112849 0.8740770261495044 0.13161581580830573 0.9449481711449795 0.5697191478592772 0.19246349496833237 0.5523264876672638 0.8840568941964699 0.5696942744738079 0.41095528215712984 0.03805728669123909 0.4677302168140961 0.3221633097802251 0.025196870801760363 0.03035029438411163
Y 0.5 0.8972138009695755 0.22520718999059186 0.8735534453962619 0.8212284183827663 0.4679349528437208 0.2784256121007733 0.4450763058826466 0.5534973520744925 0.7926619192137531 0.9889601476818849 0.16021203385784455 0.04394200796138337 0.5148888202713703 0.9171677731928523 0.5141176465995139 0.24751492202733083 0.19240214398531064 0.2006067239869952 0.0037342420520759534 0.15446108106143985 0.8803321539808286 0.8471502463658693 0.7417709473618571 0.5411438213764888 0.8713393766928806 0.5981840672072131 0.3876318011107287 0.15019972907045187 0.37944617155031246 0.5899916930106103 0.6379965807883322 0.1507880191683687 0.23956396182952333 0.09670409393174562 0.21500403735588003 0.3004200814790703 0.6622147383384538 0.8450743208745529 0.9039167881959268 0.1454599537609269 0.9279056847445244 0.18055249844891164 0.6415717052224807 0.3762878361299201 0.23948921268184487 0.876218808109271 0.5476351992137353 0.7513249198549279 0.37218527256520395 0.12289210220500935
ID uniform-n50-s8 50 1.0 0.5
X 0.5 0.3269722766055607 0.31871083848551673 0.8698965116962161 0.4378818731227988 0.10695359647277436 0.24135214508468228 0.1847315568344149 0.813827670155021 0.25592050515822606 0.6042722960584558 0.9113563804485241 0.3713871284423962 0.016782052324450736 0.3946685812986028 0.616727944407001 0.6073306675714749 0.13398713179937904 0.09610843352814702 0.46017930748995783 0.8670248693354128 0.9560959106658995 0.9887735986731542 0.37502175569829954 0.7472234620184784 0.44990427608459893 0.4491651627010732 0.5650279397645245 0.24181998657881287 0.09014617866131558 0.4590375943814291 0.25669475793344865 0.3723219626078539 0.4887823985103782 0.7156829698612962 0.28180362257344105 0.6011123336801122 0.531422441488708 0.15086429423376224 0.3406843204351936 0.47778324535359273 0.7395751466563605 0.3064566682924059 0.9744879794871709 0.2566472505148065 0.15769200187958454 0.8904103702147417 0.44173126835025733 0.9482498050383779 0.44306536086554416 0.2946182502163869
Y 0.5 0.9872768433379255 0.7885489358200289 0.391084806539194 0.37274890308935305 0.47896545416271696 0.25714524855112975 0.1938645489043107 0.42298418814422634 0.5909028517654116 0.6468580270601879 0.15020611196196842 0.28462063751081257 0.1815539373627295 0.39331071008632423 0.45226652882714635 0.2230599854133728 0.32928937671175385 0.365839914667796 0.7189886438895141 0.0518356525166741 0.7201014252153678 0.11877710929829022 0.5022540119050812 0.3110309498232615 0.2761593526006465 0.509974007901371 0.7041907150920405 0.6304904817854313 0.6110419644322421 0.13485422157411453 0.06487322037921994 0.4037796818421797 0.06985739658056511 0.318933607129104 0.8913654203826432 0.6586733536551221 0.21619706499395308 0.18414657885742036 0.17005881864777384 0.9673686969994443 0.31094259068409913 0.7821136862164224 0.6144686070729244 0.4494050093469677 0.4342068942648959 0.20267935773280443 0.6322384225527676 0.6294125124551886 0.6533146577008697 0.09904681247189817
ID uniform-n50-s9 50 1.0 0.5
X 0.5 0.8702492039700847 0.6031481500515619 0.7160746296035653 0.8603936491828846 0.026587734467597213 0.48494432697728806 0.005626050679392924 0.9833022442861755 0.31560348997827314 0.2991810731982467 0.279747219748287 0.9877407468945767 0.8828625669966758 0.7082069141031725 0.9232382080702205 0.37013154514000746 0.4777298969186856 0.19508639347904655 0.12651840723991825 0.13277453722943044 0.3770563709562187 0.7820961306693027 0.9312374531430352 0.32096411772430655 0.5959528877870331 0.26746835883047926 0.766467257480158 0.8002493507325811 0.7232085295481048 0.007337994459361119 0.7820426720607044 0.6167050084661568 0.6358831294883689 0.7206033319132421 0.37721980365326835 0.1258225746251853 0.602545025133487 0.6057196931350869 0.7949658727905895 0.5103146007855149 0.5689172345246186 0.6677589371927476 0.6545173130155203 0.7484342317637626 0.039446056517393524 0.896687473585173 0.7329296467294051 0.49880760496402243 0.7314596899429796 0.3115337102174045
Y 0.5 0.28681720908755537 0.7775340829201788 0.9153801204905075 0.9182376290487624 0.4372480001295087 0.06515419737010752 0.830621436971257 0.7846098526726796 0.7053337045894538 0.7407484828757487 0.7825909153281315 0.9862385492802385 0.9128100517839179 0.5544968772635087 0.08973077985431255 0.6059389435092629 0.7928578804972283 0.06225349741666342 0.9627815849171627 0.22609832736317137 0.6234216413407959 0.07864889376928119 0.7627917243487864 0.18933201942823097 0.5946892267614896 0.16939281305633924 0.6726752525807207 0.21957669144976344 0.0746047129048496 0.17943452569009366 0.5400694637244676 0.5925262356782043 0.3229057945509941 0.014666523351324678 0.054663900726570125 0.904587769709033 0.790930954742444 0.5718909026950117 0.6231499844112809 0.5565428896545641 0.3420260911898648 0.40686560591652 0.48477342300811965 0.6930607086500264 0.7821561154739692 0.33103073139171024 0.8452958269132012 0.12908454350189047 0.8386882850091119 0.2185536641978828
ID uniform-n100-s0 100 1.0 0.5
X 0.5 0.6369616873214543 0.04097352393619469 0.8132702392002724 0.6066357757671799 0.5436249914654229 0.8158535541215322 0.8574042765875693 0.7296554464299441 0.8631789223498866 0.2997118905373848 0.028319671145462966 0.6706244146936303 0.6153851114812539 0.997209935789211 0.6855419844806947 0.6884467305709401 0.13509650502241122 0.5253543224757259 0.4858353588317891 0.9340435159562497 0.5715298307297609 0.5943000301996968 0.39161900052816123 0.22715759353337972 0.08401534358238483 0.7870983074886834 0.8764842308107038 0.3361170605456604 0.450339366649287 0.23064220899374743 0.4045518398215282 0.0907530456191219 0.2986961328189226 0.1995154439682133 0.36511016824482856 0.6291081515397092 0.440377154715784 0.499895813687647 0.6202134520153778 0.9489436749377653 0.7577288453082914 0.5293121601967704 0.4146558493556708 0.7111428779897498 0.1149326332809052 0.9274239286245599 0.014706304965369288 0.9811950400663443 0.1487640122324979 0.8899355557205206 0.4799879238078322 0.8018805787183079 0.2661302722922926 0.4427528289745315 0.040510711188434634 0.6143732469489966 0.7192197728267403 0.7579510023564281 0.9291042207970062 0.8413172796123832 0.34430997880412517 0.9660620807840702 0.25886459317093224 0.8881183206591798 0.1245547058352835 0.5861230648127328 0.8097107759127777 0.2884212144312105 0.8181209709709104 0.9590776426974422 0.5526115105212872 0.84829120827506 0.40651033674812664 0.043066888568204176 0.41538403737122465 0.009954560807291957 0.07863003716563988 0.2738490985995572 0.9438014269420908 0.8647782954007741 0.38077050831088943 0.48884954683346427 0.7756911881018284 0.26983678550080015 0.8813071727376899 0.34429573096232524 0.3159435453677002 0.8800981213040697 0.6678894055713512 0.9257145772144187 0.8607014095476777 0.1412465569010316 0.7146185366547527 0.395557273104876 0.561400767550223 0.19412977289079358 0.5234347273949199 0.9819426931267062 0.006408882664310167 0.9782657138401457
Y 0.5 0.2697867137638703 0.016527635528529094 0.9127555772777217 0.7294965609839984 0.9350724237877682 0.002738500170148095 0.033585575305464355 0.17565562060255901 0.5414612202490917 0.42268722119765845 0.12428327649956394 0.6471895115742501 0.38367755426188344 0.9808353387762301 0.6504592762678163 0.3889214239791038 0.7214883401940817 0.31024187555895566 0.8894878343490003 0.35779519670907023 0.32186939107594215 0.33791122550713326 0.8902743520047923 0.6231871446860424 0.8326441476533978 0.23936944299295215 0.05856803480519435 0.15027946689483906 0.7963242702872942 0.05202130106440961 0.19851304450925533 0.5803323859868507 0.6719948779563594 0.9421131105064978 0.10549527957022953 0.9271545530678674 0.9545904936907372 0.42522862484907553 0.9950965052353241 0.4600451393090961 0.49742269548761897 0.7857857007138075 0.7344835717887294 0.9320596866133782 0.7290151170763094 0.9679261899246464 0.8636400902455758 0.9572101796109636 0.972628813822955 0.8223738275430704 0.23237291963930384 0.9235301597834695 0.5389344076221869 0.931017315981155 0.7320061956565608 0.028365365113521057 0.015991729523571974 0.512758723262078 0.06608249672407474 0.0666900087671014 0.4302987319478333 0.562231842228457 0.24167571409434496 0.22586942841732438 0.2883307570075776 0.5540905021732678 0.5604759520061858 0.4128963426808927 0.6265064624197535 0.3694044110916809 0.5939242016131683 0.14547353818653175 0.909958961662297 0.8227062801815019 0.8298039852781027 0.36504615775827065 0.6526145763366384 0.7026520706597863 0.12681710226124776 0.059464151600338466 0.42977406117857664 0.9764623219360445 0.308857362719261 0.8631202041893178 0.5107065055436453 0.9949173481609178 0.18271237892656245 0.812335398111254 0.9584136317779519 0.7482485033017541 0.24714674032210748 0.670061849314936 0.16705292878227218 0.9102557662160548 0.5783359149262727 0.5260222486178752 0.08893564024627199 0.5713956004557744 0.7726492012253886 0.5898700283209505
ID uniform-n100-s1 100 1.0 0.5
X 0.5 0.5118216247002567 0.14415961271963373 0.31183145201048545 0.8277025938204418 0.5495936876730595 0.7535131086748066 0.32973171649909216 0.303194829291645 0.13404169724716475 0.20345524067614962 0.7503646726300526 0.48519097443163506 0.9616571936637868 0.5412268555474342 0.16065200877512686 0.5160685855478787 0.6234897555375004 0.6130033010530405 0.03959287666420286 0.4593358828854037 0.641328169139375 0.592941018104284 0.8398815210314088 0.510888884466533 0.14792203578495655 0.6832869060032571 0.19161625902013524 0.19132392605720028 0.8552269742870702 0.8765370964165805 0.2740483886137183 0.6457208955749478 0.8355692165002742 0.2152181671629736 0.8050548331450097 0.15052483042117748 0.8947158621961735 0.5895020620840481 0.6734598871529389 0.8268253295567211 0.6603553805205233 0.7685169988962544 0.8312748346644612 0.8254878133935558 0.37514699649664185 0.6913370352777413 0.39625616221698645 0.2624947127501015 0.10592123670732445 0.38042426988653233 0.6538660110683944 0.8673205056421992 0.8102743521062991 0.5436692896684556 0.9961411901186279 0.25686746722710274 0.2578031189967366 0.6978935706830813 0.37623850142809423 0.6649842463619607 0.5865183268255314 0.7264736103123705 0.44839630934448427 0.10973466400669674 0.2838064889441311 0.3130478588199377 0.9716899756197547 0.7911339481728052 0.5969877305237564 0.689630155447081 0.07708380850053875 0.21283099534033434 0.506064922529373 0.29500644280551946 0.5256295231622541 0.9649677439797357 0.2952342556626958 0.12446033251547983 0.18782474256546833 0.23189987846213844 0.39007455193986174 0.6252614844151068 0.5215251221324175 0.3955564210524287 0.20120320072466447 0.7583058620038184 0.6415135895056033 0.38149293263992 0.016722821635377083 0.971598413446888 0.7482179590766121 0.20928104261778546 0.016827284680212995 0.9990258823239375 0.849044521859272 0.8060357075271236 0.3626968570578484 0.026484548903972338 0.371854569870106 0.1276206864960696
Y 0.5 0.9504636963259353 0.9486494471372439 0.42332644897257565 0.4091991363691613 0.027559113243068367 0.5381433132192782 0.7884287034284043 0.4534978894806515 0.40311298644712923 0.2623133404418495 0.2804087579860399 0.9807371998012386 0.7247899407735336 0.2768912040453708 0.9699254132161326 0.11586561247077032 0.776683114342298 0.9172977047909027 0.5285892632600216 0.0623495791498756 0.8526328384806567 0.2600974477372232 0.5094958815215094 0.7530302077021779 0.819626719119277 0.787096941554801 0.80236416113453 0.08155261736351271 0.8612834961776684 0.4719097193587902 0.007091828603166261 0.719909383508693 0.28187782736454214 0.6393313800665879 0.9636708728449709 0.48221238819933654 0.4227169069454373 0.0244906774933632 0.9190886196338225 0.8855202667099468 0.24555226724317758 0.2116747426075105 0.06271792257076825 0.1645072664741013 0.3167381665569643 0.17857187817437192 0.0058245951079809455 0.42118881422895527 0.6331599460365578 0.7252939380762389 0.4312267487774062 0.632135117500167 0.341794723940113 0.1962968851147534 0.24321546430632712 0.07319007239096598 0.7631285325440532 0.12867321231716944 0.4209213946174629 0.45592896304374886 0.8396846036089424 0.36500726350855894 0.3676995696900066 0.2032415440873966 0.3141338956023022 0.576699716252952 0.774664134923732 0.75926850053958 0.9176922571709127 0.500356430736871 0.48844922708552385 0.13269629754678725 0.785085292596959 0.7687717599091665 0.14904802337071255 0.4016362238885175 0.8469983706337296 0.7335904610737034 0.39249177601258245 0.8412279926923869 0.9746928128822893 0.6936228347029152 0.30896819907559114 0.9409341876619017 0.9882189012202123 0.35978692649261024 0.38098153929308753 0.5038029501945296 0.4935715599433962 0.28546522878557845 0.44278889007049504 0.9050025708181295 0.3035089265995107 0.2621467961899895 0.6056831486557043 0.6303177554434782 0.7607887845834825 0.4468129517344519 0.4770740056373495 0.22250686594627245
ID uniform-n100-s2 100 1.0 0.5
X 0.5 0.2616121342493164 0.8142257405942803 0.600100525965654 0.18790107336660344 0.2749693679060381 0.562265662780428 0.43263079080478717 0.4227846732701278 0.9674359524936766 0.39162483308002616 0.3459606655717331 0.8912094095005791 0.31814660061537436 0.4709098854157575 0.10720730845358806 0.20190744752945033 0.6798114614845836 0.6444362692055176 0.5165781941249967 0.8621179849076281 0.8922401099666429 0.8293561258065815 0.6925181318299735 0.5228285039237639 0.10070360201847683 0.7019494763859895 0.8977341470931756 0.38509513448081656 0.5920620110783646 0.40719435847960694 0.17177701508183452 0.6038055172624386 0.0199107488374215 0.09941111793264079 0.4884985730839694 0.5040144824015966 0.7503965943632757 0.6172721367052832 0.9647618088753547 0.6890271371485683 0.04201178906868608 0.9271669354015911 0.012831093530388249 0.009805349046563827 0.11036759230906301 0.9818833431950986 0.318392999063676 0.38959528429882206 0.5234807880554642 0.14796288029021853 0.44050451874869756 0.6133276764903989 0.9096330100844199 0.059434865435902484 0.5630231832559078 0.06402423132438118 0.4567201216906892 0.9033279269888116 0.7937554154182577 0.9766364932921875 0.08611581520145006 0.6207540845662909 0.44660347549054213 0.8240309774147786 0.7924511040544447 0.9744818373184103 0.9676979826868183 0.8826926528427004 0.7136390309587972 0.5486913759909932 0.10548047686670692 0.9068400198646038 0.20502173166650728 0.46559431152174846 0.11762560287847967 0.9439107664270869 0.6407818595019308 0.697323344505584 0.46996588020642693 0.6264757359246828 0.8913813730010061 0.15319431733318634 0.568828147689118 0.7105055856164183 0.9727170538106237 0.2594616255258779 0.29542000741973307 0.9517139208195359 0.5179476822201348 0.49317766658113216 0.7368979862014584 0.11176498811910718 0.06570422560361189 0.9628186618058164 0.7892536438715758 0.9081867943853771 0.7147771833165857 0.07603320004476666 0.04221297140306235 0.28346246470236547
Y 0.5 0.2984911434141233 0.0919159421350969 0.7285605268117946 0.05514662733306819 0.6574330148755926 0.15006226330533612 0.6692972985745202 0.6331843992741164 0.6830648223096253 0.18725256972009807 0.5110659735695771 0.7755639424726894 0.9242168965068241 0.69375884220223 0.1045435584329415 0.8844496736882935 0.8492363236144346 0.40654239767553646 0.5934435177559062 0.438186166159125 0.6137169384025872 0.4980560549172479 0.33902537464931004 0.21622339101901444 0.038604129920968844 0.45643062088155606 0.8351832046922797 0.9736787697052229 0.7658833142152981 0.19616991196827194 0.1812062262309868 0.11263285511131826 0.8329969641884205 0.45058453555176214 0.6202724083835623 0.9373431437289681 0.5744664978829658 0.5065514916069802 0.2266260633591367 0.5550966788978652 0.2961499997837337 0.7845648574299998 0.2966263296627448 0.8274669429780779 0.057455178774819426 0.44586987941521383 0.04901338956309209 0.36603905726213826 0.006785466481482927 0.20988652574840627 0.3023033663098663 0.2854326055392954 0.9618699581980765 0.20905971915497912 0.7706602294839795 0.18480268442987968 0.6686907585501733 0.8669729635415503 0.05273214337655108 0.6146279491511568 0.2549287753897653 0.3856401168836395 0.8045850655987496 0.5467869801803077 0.4060049290930544 0.6051591654260359 0.043987692056397076 0.5593771875448765 0.19259497537902004 0.2892779241219192 0.0031867706181171185 0.6709043150358274 0.2578186775627438 0.8182872532694735 0.9677848301637298 0.24466009569263347 0.360097532766086 0.08691610014775342 0.5884908036900938 0.6927954741715632 0.24125020990742596 0.3906069372129758 0.9605287609205547 0.7384425506696292 0.2677431627585899 0.42254083756890215 0.6511033852284691 0.15351149253602436 0.6775780987982372 0.9137438408940174 0.882176795610569 0.19576350349670946 0.8293194984646847 0.013991021028433526 0.7278311985279744 0.27038547325940065 0.23742288146921997 0.745204062703274 0.6995944631576241 0.48742339508457766
ID uniform-n100-s3 100 1.0 0.5
X 0.5 0.08564916714362436 0.8012744652063969 0.09412864224039919 0.479051298140834 0.7345771514092145 0.39122819049566204 0.4306280204141778 0.7378377872921602 0.28420116374879145 0.6962159966701554 0.0014900835088361708 0.29840122301687566 0.8917110704451572 0.47130966518183137 0.030346007662471197 0.3742438334784708 0.6605000674278948 0.20719116808100124 0.29816309065742475 0.7221648081421175 0.8298868742743123 0.6827989078603502 0.42857290429846195 0.8784801846662539 0.8497683374661538 0.47968392351227496 0.6984263449470935 0.8711391497935891 0.5618097187308899 0.6129094919024392 0.18028754084309517 0.7522234183692774 0.9210796772829299 0.8509011245916515 0.9643577208942796 0.6068837880100147 0.787032713788771 0.054093757870965264 0.08489477216546804 0.2138669906921472 0.1267549797183054 0.4928469789243326 0.9652314208373755 0.21368721943054814 0.7059590429868869 0.6798841672240714 0.5897002867792083 0.6691274961459358 0.5547374324650892 0.49518739153540214 0.48074700192606445 0.7741048163103185 0.019600418551609544 0.2052324924500879 0.38869723041673676 0.909454579769297 0.3488515771515567 0.48076557030258193 0.5467474079457146 0.5629220648797367 0.9471406631656772 0.7440063436124811 0.8201390416269567 0.48196304718838257 0.26173329362865416 0.31788592284092343 0.5824165302717571 0.44241765155908375 0.7066524111003846 0.16895817245999722 0.4045937288478155 0.3328566877558503 0.9318454232641952 0.14706430743323462 0.33972437734853134 0.536316451063914 0.1260188515151106 0.6681574410339702 0.9998030282851982 0.5372977244273162 0.053029674858421805 0.17391134938829367 0.9376310347269122 0.008966473250435758 0.41570192391922234 0.23676692267033106 0.40530784212393256 0.703889108027187 0.3718809492094891 0.49519990859903784 0.5163005311701312 0.4436978241987264 0.5649178450334751 0.001148413743897403 0.769050154191463 0.5609786443382162 0.8764309030577203 0.547228558793293 0.6663769249602923 0.6694352062211326
Y 0.5 0.2368105065960997 0.5821620360643678 0.4331269402364738 0.15973891463707857 0.11367201992140341 0.5167401826213637 0.5867985714381407 0.9562672548360985 0.648547207079825 0.2927207490124871 0.9734602747664127 0.3139860020343368 0.5851629398909081 0.7732770096488164 0.7069650956556235 0.09085271350425783 0.9314638547413545 0.630090199785343 0.7417566800693304 0.21871542456880455 0.6576522108732432 0.820075750170535 0.758705461154919 0.1023199219220744 0.39392733263233515 0.14633456975819847 0.291978615987851 0.2753743769480771 0.39965622113045274 0.19663923977212372 0.7468603856498379 0.5669778744529123 0.20577504822901882 0.16898731132708622 0.6236927281061517 0.9705587631326238 0.7899174760885543 0.3692863060944199 0.1935275814655144 0.8586419321659043 0.29675776838944945 0.8494604111895369 0.7081447706872417 0.5449826814580041 0.05188252772662516 0.3682818351390811 0.6695332811416651 0.5230497755258564 0.19814971361353295 0.12540947264525315 0.5362449255698115 0.3936647929941859 0.5277499332135033 0.7412575231943688 0.3804731641328024 0.39297044395520897 0.34801973535825614 0.0932921087514138 0.9214274620337817 0.7439102073505471 0.8421153870989141 0.8131637391945609 0.25375519476203323 0.34271675065851503 0.5715515831226305 0.6186565457726523 0.10439897438197132 0.3898548739802197 0.08813284381038577 0.5125974559554912 0.6653466801817194 0.19721876834499596 0.24389649332303487 0.2798941543182133 0.22511599265936155 0.9369338456676992 0.4151646128833535 0.8847149824854088 0.14363694634768553 0.8812005287254918 0.5882931558557919 0.7678302621654288 0.5382881926606792 0.06425032164804212 0.8473039702317086 0.669137573132174 0.2651551901680297 0.30825675571483946 0.7653103087676975 0.7839185609550596 0.15997166501999804 0.8727650626329742 0.9648155495868265 0.3403664660517659 0.6861509613185092 0.6637430301546088 0.6835514425311189 0.56246846941706 0.32391219550415395 0.6150083202390563
ID uniform-n100-s4 100 1.0 0.5
X 0.5 0.9430561055723676 0.9762437057077041 0.6073558319950296 0.8019012069858072 0.8716352741876564 0.9022150797159884 0.4304962777294131 0.9841529999311214 0.9689328693162349 0.1776925857619811 0.7048647455647425 0.6656574169657534 0.49786759878537445 0.5002261893487459 0.3499373998222548 0.5220870022114477 0.9391070534240088 0.2678333902915885 0.49172528461247655 0.4760389104754019 0.6925520447105606 0.19078850525853763 0.3618150599019092 0.2213516598557872 0.8842230516317813 0.7394732431350439 0.9150572012401724 0.8202678035179438 0.37612381317906773 0.9724396677112559 0.49969274053199664 0.9031955883507381 0.3073579197290356 0.10747158986928151 0.8764338171832751 0.23347626866165183 0.7877274984582051 0.23750481762383724 0.07141822207521653 0.5267254559660564 0.08816937300957906 0.3703358831447625 0.3354824997585163 0.5682609350720068 0.06337962067785763 0.07190456077139007 0.48100849377568133 0.6675890848926654 0.5003297120648612 0.9348783961041196 0.09348256345066186 0.693893127032335 0.7552872255018457 0.3796885494696758 0.1829808060465824 0.29194082234417906 0.9071138493065894 0.8216033867613238 0.008213820336444133 0.5017994026892698 0.36377842508906333 0.848544838127986 0.7480748361358756 0.5253318927429212 0.4848549679511005 0.8969057816123644 0.8331636566682891 0.6339147279598937 0.062247379840925876 0.08489445698565479 0.2414614867733268 0.23207460919294987 0.8314731669951053 0.7056971045826552 0.39178613055285705 0.38464473326249915 0.7735030328242255 0.7842199191042444 0.9250763767262276 0.32719929652252444 0.7842760222170254 0.8866039339312406 0.3200106675365779 0.2817369565732878 0.7574008847591331 0.632751217735076 0.9700710402217617 0.08463262633371194 0.01982264379193266 0.9984130482641576 0.9330184803740698 0.9651408110865802 0.8395227983928136 0.3932512465772816 0.03743241383620888 0.74610766228841 0.6225696222361684 0.8967005891471997 0.5877179219632401 0.5384144939313643
Y 0.5 0.5113275528143616 0.08083602389560218 0.37648658437727256 0.17452781614402846 0.5439414007634982 0.4771535238392063 0.7889467175443294 0.3697257926524288 0.9290263877654195 0.6088516168445476 0.9428036791291672 0.13339575545169313 0.49361983395611486 0.9585822861092472 0.22377114677821597 0.6411709239650282 0.5820158006470458 0.9297746953080669 0.6758008649335259 0.2169800264219951 0.7706304830917438 0.4599160127484816 0.17072981944627486 0.9625074113263784 0.3822918261947792 0.04196803718127051 0.5371708512141022 0.27593825756517354 0.3480437189118305 0.42945988292273374 0.9559789300187262 0.3950105102601349 0.8070479361350381 0.39218891369662 0.9176424148326532 0.07872015051065484 0.6217780653960236 0.5058931942110064 0.7000873205228134 0.7046478644400155 0.6448150233012536 0.49930856599360807 0.6340865263587694 0.6171147570912221 0.2251416010112336 0.38329784981379944 0.1123419427625385 0.4873567562930381 0.5974658410028173 0.5888649666583986 0.14646922718474464 0.3226172174772325 0.5106388051103455 0.7394486924281797 0.2848126024094676 0.41531804302628295 0.8125396299781794 0.6311498630556102 0.28613305387561083 0.8984547502002272 0.550559463536335 0.34140649206375595 0.5950272143247003 0.6297909155589326 0.11297255530099803 0.9697327316602876 0.35379186361956794 0.7707630949871639 0.7894453464943371 0.9398241868920435 0.9631421218955571 0.5353848648366618 0.9875421296250214 0.8347254796725408 0.7507167982477543 0.9298464940564927 0.379407391944922 0.06651159702046672 0.6931259955766563 0.6469471505833744 0.6283150439341991 0.41535700816076826 0.3709537278695041 0.4790713944538516 0.8745654985044232 0.7857538492437716 0.6597066845311899 0.6255916000332556 0.6776674094399022 0.4885916007618264 0.019582474932768434 0.16838120413943047 0.29829076083519135 0.13256662104741834 0.752193489367529 0.12350509771179119 0.25756456883985857 0.13418787522786768 0.8897903394809034 0.6708585382337003
ID bench-1-n11 10 1.0 0.5
X 0.8172268241831585 73.0 61.0 44.0 74.0 23.0 9.0 51.0 15.0 9.0 56.0
Y 0.6284331187597952 52.0 46.0 63.0 15.0 23.0 80.0 65.0 97.0 74.0 84.0
ID bench-2-n11 10 1.0 0.5
X 0.2089403797263768 91.0 22.0 47.0 58.0 94.0 16.0 79.0 42.0 64.0 41.0
Y 0.3663220470070162 50.0 28.0 15.0 90.0 65.0 69.0 51.0 32.0 38.0 0.0
ID bench-3-n11 10 1.0 0.5
X 0.34295362797422035 43.0 61.0 47.0 87.0 22.0 40.0 48.0 46.0 66.0 27.0
Y 0.6934759228224958 15.0 79.0 82.0 42.0 41.0 56.0 63.0 70.0 32.0 38.0
ID bench-4-n11 10 1.0 0.5
X 0.3015274808998224 85.0 3.0 63.0 80.0 98.0 76.0 33.0 55.0 26.0 66.0
Y 0.8147565003467272 50.0 21.0 2.0 2.0 58.0 32.0 80.0 71.0 30.0 82.0
ID bench-5-n11 10 1.0 0.5
X 0.768579138712145 60.0 70.0 86.0 24.0 22.0 30.0 53.0 81.0 93.0 20.0
Y 0.7767895092596225 55.0 36.0 4.0 40.0 9.0 86.0 95.0 85.0 26.0 51.0
ID bench-1-n13 12 1.0 0.5
X 0.5138886579033897 9.0 62.0 93.0 69.0 43.0 78.0 99.0 82.0 92.0 53.0 83.0 82.0
Y 0.23582397041990044 0.0 78.0 94.0 18.0 14.0 88.0 83.0 37.0 30.0 61.0 36.0 3.0
ID bench-2-n13 12 1.0 0.5
X 0.3343683896793408 76.0 97.0 20.0 58.0 84.0 70.0 26.0 10.0 94.0 78.0 16.0 77.0
Y 0.6411772727947084 41.0 48.0 97.0 85.0 56.0 82.0 11.0 28.0 83.0 69.0 89.0 63.0
ID bench-3-n13 12 1.0 0.5
X 0.30291511961743756 0.0 30.0 25.0 67.0 66.0 60.0 23.0 62.0 0.0 76.0 94.0 58.0
Y 0.9350243479176465 40.0 9.0 57.0 1.0 1.0 87.0 93.0 68.0 77.0 80.0 0.0 49.0
ID bench-4-n13 12 1.0 0.5
X 0.6419588990280375 26.0 79.0 52.0 89.0 28.0 63.0 18.0 90.0 65.0 42.0 23.0 20.0
Y 0.5340596507350184 20.0 69.0 95.0 91.0 96.0 4.0 60.0 16.0 67.0 66.0 87.0 60.0
ID bench-5-n13 12 1.0 0.5
X 0.5243301778384735 48.0 39.0 6.0 10.0 87.0 3.0 57.0 13.0 94.0 66.0 70.0 49.0
Y 0.0196232546852233 86.0 45.0 57.0 4.0 5.0 90.0 46.0 46.0 39.0 67.0 48.0 39.0
ID bench-1-n15 14 1.0 0.5
X 0.6015370251174796 22.0 77.0 93.0 37.0 94.0 54.0 27.0 61.0 96.0 54.0 81.0 19.0 10.0 41.0
Y 0.7285716185459313 73.0 4.0 15.0 21.0 24.0 95.0 38.0 5.0 59.0 54.0 58.0 16.0 82.0 52.0
ID bench-2-n15 14 1.0 0.5
X 0.47156053671348364 74.0 22.0 28.0 5.0 16.0 21.0 87.0 51.0 26.0 35.0 90.0 93.0 41.0 82.0
Y 0.8140141643770301 48.0 90.0 15.0 73.0 96.0 54.0 17.0 36.0 89.0 21.0 83.0 9.0 46.0 30.0
ID bench-3-n15 14 1.0 0.5
X 0.4497082347458873 60.0 95.0 89.0 85.0 13.0 46.0 0.0 88.0 5.0 2.0 19.0 52.0 54.0 0.0
Y 0.7269482913942756 6.0 67.0 70.0 8.0 72.0 42.0 63.0 76.0 67.0 42.0 92.0 16.0 15.0 29.0
ID bench-4-n15 14 1.0 0.5
X 0.8858069582735264 12.0 53.0 14.0 72.0 38.0 1.0 4.0 78.0 48.0 84.0 78.0 44.0 76.0 16.0
Y 0.9394485718424294 30.0 12.0 47.0 64.0 87.0 35.0 80.0 65.0 62.0 60.0 50.0 69.0 65.0 12.0
ID bench-5-n15 14 1.0 0.5
X 0.9779990120915466 71.0 20.0 65.0 70.0 99.0 9.0 42.0 20.0 79.0 13.0 52.0 1.0 36.0 77.0
Y 0.18433672239331333 44.0 73.0 23.0 7.0 53.0 96.0 78.0 35.0 53.0 20.0 50.0 0.0 52.0 33.0
ID bench-1-n17 16 1.0 0.5
X 0.4522071698712198 95.0 4.0 3.0 55.0 75.0 85.0 60.0 88.0 60.0 53.0 31.0 35.0 44.0 8.0 92.0 57.0
Y 0.49204412630295324 43.0 54.0 48.0 17.0 63.0 62.0 37.0 23.0 86.0 38.0 8.0 97.0 26.0 77.0 68.0 74.0
ID bench-2-n17 16 1.0 0.5
X 0.48895579228066177 38.0 87.0 10.0 10.0 48.0 69.0 20.0 34.0 27.0 75.0 92.0 49.0 0.0 81.0 52.0 54.0
Y 0.8425935988356875 87.0 51.0 54.0 24.0 45.0 12.0 33.0 80.0 46.0 63.0 24.0 93.0 64.0 81.0 87.0 5.0
ID bench-3-n17 16 1.0 0.5
X 0.8468521650900428 69.0 52.0 83.0 66.0 86.0 8.0 47.0 64.0 36.0 45.0 20.0 79.0 4.0 45.0 99.0 81.0
Y 0.4696611785681519 52.0 16.0 85.0 89.0 65.0 79.0 90.0 46.0 4.0 66.0 69.0 61.0 81.0 1.0 15.0 65.0
ID bench-4-n17 16 1.0 0.5
X 0.5653479591572559 49.0 18.0 97.0 8.0 39.0 29.0 49.0 52.0 57.0 42.0 64.0 84.0 69.0 4.0 82.0 99.0
Y 0.5963743898125137 17.0 78.0 70.0 66.0 47.0 44.0 77.0 4.0 9.0 95.0 77.0 86.0 28.0 85.0 52.0 13.0
ID bench-5-n17 16 1.0 0.5
X 0.4967330314838485 62.0 31.0 51.0 63.0 2.0 30.0 68.0 23.0 27.0 91.0 9.0 81.0 12.0 32.0 83.0 52.0
Y 0.6516890250749395 7.0 68.0 72.0 79.0 68.0 31.0 90.0 93.0 12.0 26.0 76.0 40.0 1.0 90.0 69.0 96.0
